20
14 17 8 20 2 5 3 9 7 5 4 15 11 8 4 14 7 11 10 17
16 13 10 15 11 1 18 17 14 18 4 6 5 19 1 11 17 20 15 8
18 4 14 6 5 12 2 14 5 9 8 2 3 10 18 6 3 10 8 20
7 13 12 19 13 10 10 18 2 20 15 2 19 15 3 8 3 16 16 9
19 6 16 12 20 10 4 17 5 7 8 7 2 15 10 3 9 18 1 11
10 10 11 3 12 20 14 13 20 12 14 15 18 18 5 9 2 15 11 2
20 7 18 3 3 16 20 13 13 19 19 4 4 5 18 1 6 17 2 2
1 2 16 5 4 15 12 3 11 19 15 17 10 12 13 16 11 14 2 7
11 2 2 1 9 19 13 10 18 8 10 16 9 16 15 7 7 12 3 5
16 3 5 10 12 4 10 5 1 4 7 20 20 16 7 18 2 3 19 6
13 5 14 10 19 6 12 18 20 18 14 10 4 13 9 17 9 7 11 19
4 5 7 17 8 3 18 20 12 2 5 6 8 2 20 6 10 1 7 18
18 1 7 14 11 5 2 20 8 15 3 9 9 13 10 20 13 6 7 16
7 10 8 5 9 8 19 7 17 15 1 17 15 1 6 5 18 4 10 13
12 1 5 7 10 9 1 11 3 4 6 18 13 17 2 13 8 3 16 14
14 9 20 13 4 8 20 4 10 12 18 18 7 1 13 12 11 14 15 11
5 12 11 18 8 20 16 16 3 2 10 14 11 2 20 13 18 10 8 4
11 16 9 8 5 11 15 12 6 8 20 3 7 18 7 12 13 5 4 19
20 18 17 19 6 14 1 16 8 7 12 7 3 4 1 2 15 8 13 10
4 15 20 2 19 13 14 10 4 15 16 20 10 11 2 7 17 19 13 17